[hero.jpg]
filters=finetune2=1,0.000000,0.164706,0.168627,00848075,0.000000;
moddate=166a83fdcfb9d501
width=425
height=425
textactive=0
